first_cost =

  4.5665e+003


best_feasible_cost =

  2.8386e+003


routes =

    47    49     0     0     0     0     0     0     0
   100    52     1    21    75     0     0     0     0
    97    51    99     2     0     0     0     0     0
    98    96    88    89    22     0     0     0     0
    95    91     0     0     0     0     0     0     0
    94    92    93    84    85    77     0     0     0
    90    87    79    80    50    66    69     0     0
    86    83    72    61    60    59    64     4     0
    68    23    34     0     0     0     0     0     0
    82    70    73    28     6    12    36     0     0
    81    78    76    74    48    26     0     0     0
    71    56    58    46     9    39     0     0     0
    67    65    63    62    44    45    14     0     0
    54    53    37    38    16     0     0     0     0
    57    55    41    40    35    29    30    11     0
    43    42    33    32    31    27    19     8    15
    25    10     0     0     0     0     0     0     0
    24    18     0     0     0     0     0     0     0
    20    13    17     3     7     0     0     0     0
     5     0     0     0     0     0     0     0     0