first_cost =

  4.5665e+003


best_feasible_cost =

  2.7188e+003


routes =

    47    49     0     0     0     0     0     0     0     0     0
   100    52     1    21    75     0     0     0     0     0     0
    97    99     2    22     0     0     0     0     0     0     0
    98    88    89     4    91     0     0     0     0     0     0
    96    92    93    84    85    77    79    80    50    66    69
    95    94    83    72    61    60    59     0     0     0     0
    90    87    86    82    74    64    26     6    68    23    34
    73    51     0     0     0     0     0     0     0     0     0
    81    78    76    71    70     0     0     0     0     0     0
    67    65    63    62    58    45     9    48    12     0     0
    57    56    46    39    14    36     0     0     0     0     0
    44    16    11    28     0     0     0     0     0     0     0
    55    54    53    38    30     0     0     0     0     0     0
    42    43    41    40    29    10    15     0     0     0     0
    35    37     0     0     0     0     0     0     0     0     0
    33    32    31    27     8    19     0     0     0     0     0
    24    25    18     7     0     0     0     0     0     0     0
    20    17     0     0     0     0     0     0     0     0     0
    13     5     3     0     0     0     0     0     0     0     0