first_cost =

  4.5665e+003


best_feasible_cost =

  2.8441e+003


routes =

    47    49     0     0     0     0     0     0     0     0     0
    91    21    52    69    75     0     0     0     0     0     0
    99    50    22     0     0     0     0     0     0     0     0
    98   100    88    89    23     0     0     0     0     0     0
    93    84    85    77    79    80     1     0     0     0     0
    97     2    66     0     0     0     0     0     0     0     0
    96    95    94    92    72    61    60    59    64     0     0
    90    87    86    68     4    34     0     0     0     0     0
    83    82    70    58    73    28     6    12    26    36    51
    81    78    76    74    56    46     0     0     0     0     0
    67    71    48     0     0     0     0     0     0     0     0
    65    63    62    53     0     0     0     0     0     0     0
    57    55    54    41    40    38    39    14     0     0     0
    45     9     0     0     0     0     0     0     0     0     0
    44    37     0     0     0     0     0     0     0     0     0
    42    35    27    29    16    11     0     0     0     0     0
    43    33    32    31    30     0     0     0     0     0     0
    25    19     8    15     0     0     0     0     0     0     0
    24    20    18    10     0     0     0     0     0     0     0
    13    17     3     7     0     0     0     0     0     0     0
     5     0     0     0     0     0     0     0     0     0     0