first_cost =

  4.5665e+003


best_feasible_cost =

  2.7468e+003


routes =

    47    49     0     0     0     0     0     0     0     0
    91    21    52    69    75     0     0     0     0     0
    99     0     0     0     0     0     0     0     0     0
   100    50    22     1     0     0     0     0     0     0
    89     0     0     0     0     0     0     0     0     0
    97    88     0     0     0     0     0     0     0     0
    98    96    92    93    84    85    77    79    80     2
    95    94    83    82    73    60    68     4     0     0
    87    81    86    74    72    61    59    64    23    66
    70    58    45    28     6    12    26    34    51     0
    90    78    76    71    56    46    48    36     0     0
    67    65    63    62    40    38    39    14     0     0
    54    44    15     9     0     0     0     0     0     0
    57    53    37     0     0     0     0     0     0     0
    55    42    41    35    29    30    11    16     0     0
    43    33    32    31    25    27    19     8     0     0
    24    18    10     0     0     0     0     0     0     0
    20    13    17     3     7     0     0     0     0     0
     5     0     0     0     0     0     0     0     0     0