first_cost =

  4.5665e+003


best_feasible_cost =

  2.6741e+003


routes =

    47    49     0     0     0     0     0     0     0     0
    91    21    52    69    75     0     0     0     0     0
    99    50    22     1     0     0     0     0     0     0
   100    89     0     0     0     0     0     0     0     0
    97    88     0     0     0     0     0     0     0     0
    98    96    92    93    84    85    77    79    80     2
    95    94    83    82    73    60    68     4    34     0
    90    86    76    74    72    61    64    59    66     0
    87    70    58    45    28    26     6    12    23    51
    81    78    71    56    46    48    36     0     0     0
    67    65    63    62    40     0     0     0     0     0
    57    55    44    38    39    14     0     0     0     0
    54    53    35    37     9     0     0     0     0     0
    42    43    41    31    27    29    16    11     0     0
    33    30     0     0     0     0     0     0     0     0
    32    24    25    19     8    15     0     0     0     0
    20    18    10     0     0     0     0     0     0     0
    13    17     3     7     0     0     0     0     0     0
     5     0     0     0     0     0     0     0     0     0