first_cost =

  4.5665e+003


best_feasible_cost =

  2.6783e+003


routes =

    47    49     0     0     0     0     0     0     0     0
   100    99    21    52    69    75     0     0     0     0
    97    50     0     0     0     0     0     0     0     0
    98    96    95    89    51    22     0     0     0     0
    94    88    91     0     0     0     0     0     0     0
    92    93    84    85    77    79    80     1     0     0
    90    87    86    83    82    73    60    68     2    66
    81    78    76    74    72     0     0     0     0     0
    71    61    59    64     4    23    34     0     0     0
    67    70    46    48     0     0     0     0     0     0
    65    63    62    36    12     0     0     0     0     0
    56    58     0     0     0     0     0     0     0     0
    57    55    54    53    45    28     6    26     0     0
    44    38    39    14     0     0     0     0     0     0
    43    42    41    35    40    37     9     0     0     0
    33    32    31    27    29    30     0     0     0     0
    25    19    16    11     0     0     0     0     0     0
    24    18     8    15    10     0     0     0     0     0
    20    13    17     7     0     0     0     0     0     0
     3     5     0     0     0     0     0     0     0     0