first_cost =

  4.5665e+003


best_feasible_cost =

  3.0310e+003


routes =

    49    47     0     0     0     0     0     0
   100    99    21    52     0     0     0     0
    98    97    79    80    50    22     0     0
    96    95    94    93    75     0     0     0
    92    91     1    69     0     0     0     0
    90    88    59    89     2    66     0     0
    85    60    61    26     0     0     0     0
    87    86    83    84    73     0     0     0
    82    77     0     0     0     0     0     0
    81    78    76    74    72    64     4    23
    71    68     0     0     0     0     0     0
    67    70    58    46    48     6    34     0
    65    63    62    45    51     0     0     0
    57    56    30    36     0     0     0     0
    55    54    53    39    12     0     0     0
    44    38     0     0     0     0     0     0
    43    42    41    40    14     0     0     0
    35    37     9    28     0     0     0     0
    32    33    27    29     0     0     0     0
    31    25    19    16     0     0     0     0
    24    20    18     0     0     0     0     0
    17    15    11     0     0     0     0     0
    13     8    10     0     0     0     0     0
     7     0     0     0     0     0     0     0
     5     3     0     0     0     0     0     0