currentCost =

  4.4885e+003


bestCost =

  2.2714e+003


bestRoutes =

    32    33    31    35    37    39    36    34    38     0     0     0
    13    17    18    19    16    14    12    15     0     0     0     0
    90    87    86    82    83    84    85    89    91    88     0     0
    81    78    76    71    70    73    77    80    79     0     0     0
    57    55    54    53    56    58    60    59     0     0     0     0
    98    96    95    94    92    93    97    99   100     0     0     0
    43    42    41     0     0     0     0     0     0     0     0     0
    67    65    63    62    74    72    61    68    66    69    64     0
     5     3     7     8    10    11     9     6     4     1    75     2
    20    24    25    27    29    30    28    26    23    22    21     0
    40    44    46    45    48    50    51    52    49    47    47     0