currentCost =

  3.9540e+003


bestCost =

  2.7198e+003


bestRoutes =

    33    28    30     0     0     0     0     0     0
    81     0     0     0     0     0     0     0     0
    31    29    27     0     0     0     0     0     0
    98     0     0     0     0     0     0     0     0
    90     0     0     0     0     0     0     0     0
    64     0     0     0     0     0     0     0     0
    42    44    38    37    35    36    39    41     0
    14    15    16    47    11    12    78    60    53
    71    50    34    32    26     0     0     0     0
    88     0     0     0     0     0     0     0     0
    19    21    23    18     0     0     0     0     0
    83    65     0     0     0     0     0     0     0
    51    20    24    22    49     0     0     0     0
    45     2     7     8    46     4     0     0     0
    79    73     0     0     0     0     0     0     0
    82    87    59     9    10    13    17     0     0
    92    95    61     0     0     0     0     0     0
    52    86    74    77    25    48     0     0     0
    69     6     5     3     1     0     0     0     0
    72    40    43    68     0     0     0     0     0
    62    63    85    84    76    89     0     0     0
    67    94    96    54    55     0     0     0     0
    99    57    97    75    58     0     0     0     0
    91     0     0     0     0     0     0     0     0
    66    56    93     0     0     0     0     0     0
   100    70     0     0     0     0     0     0     0
    80     0     0     0     0     0     0     0     0