currentCost =

  4.5290e+003


bestCost =

  2.7471e+003


routes =

    20     0     0     0     0     0     0     0     0     0
    13    17    18    19    15    16    14    12     0     0
    43    57     0     0     0     0     0     0     0     0
    67    65    63    62    74    72    61    64     0     0
    78    81    76    71    70    77    79    80    73     0
    32    33    31    35    37    38    39    36    34     0
    24    25    27    29    30    28    26     0     0     0
    98    96    95    94    92    93    97   100    99     0
     5     3     7     8    10    11     9     6     4     2
    90    87    86    83    82    84    85    88    89    91
    42    41    40    44    46    45    48    51    50     0
    23    22    21    52    49    47     0     0     0     0
    55    54    53    56    58    60    59    68    66    69