currentCost =

  3.7651e+003


bestCost =

  2.3132e+003


routes =

    52    82     7    88    10    32    90     0     0     0     0
    27    69    31    30    20    66    65    71     0     0     0
    50    77    68    80    12    26     0     0     0     0     0
    72    39    67    23     0     0     0     0     0     0     0
    63    64    11     0     0     0     0     0     0     0     0
    62    19    47    49    36    46    48     0     0     0     0
    59    92    42    44    38    86    16    61    85    96     0
    28    76    79     3    29    24    55    25    54     0     0
     2    57    15    43    14    91   100    37    98    93     0
    33    81    78    34    35     9    51    70     1     0     0
    53    40    74    75    56     4    58     0     0     0     0
    21    73    22    41     0     0     0     0     0     0     0
    95    99     5    84    17    45     8    83    60    18    89
     6    94    97    87    13     0     0     0     0     0     0