currentCost =

  4.2547e+003


bestCost =

  2.9963e+003


routes =

    33    30    27    28    26    32    29    31    34     0
    59    75    97    87     0     0     0     0     0     0
    19    49    18    21    20    24    22     0     0     0
    90     0     0     0     0     0     0     0     0     0
    72    41    44    43    37    35     0     0     0     0
    14    47    16    15     9     0     0     0     0     0
     2    45     5     8     7     6    46     4     3     1
    42    36    38    39    40     0     0     0     0     0
    99    52    57    86    74    58    77    25    23    48
    98    53    12    11    10    13    17    60     0     0
    65    69    88    78    73    79     0     0     0     0
    83    82     0     0     0     0     0     0     0     0
    80     0     0     0     0     0     0     0     0     0
    92    61     0     0     0     0     0     0     0     0
    68     0     0     0     0     0     0     0     0     0
    56    66     0     0     0     0     0     0     0     0
    95    62    67    50    71    94    93     0     0     0
    55    70   100     0     0     0     0     0     0     0
    64    51    76    89    63    85    84     0     0     0
    81    54    96     0     0     0     0     0     0     0
    91     0     0     0     0     0     0     0     0     0