first_cost =

  4.5665e+003


best_feasible_cost =

  2.7796e+003


F =

    52    47    49     0     0     0     0     0     0     0
    91    21     1    69    75     0     0     0     0     0
    99     2    22    50     0     0     0     0     0     0
   100    79    80    66     0     0     0     0     0     0
    97    88    89     4    34     0     0     0     0     0
    98    95    93    84    85     0     0     0     0     0
    96    94    92    77    60    59    64    23    51    68
    90    83    82    74    70    61    28     6     0     0
    87    86    76    73    72    45     9    48    12     0
    81    78    71    56    58    46    14    26    36     0
    67    65    63    62    44    37    38    39     0     0
    57    55    54    40    53    35    16     0     0     0
    43    42    41    29    30    11     0     0     0     0
    33    32    31    27    19     8    15     0     0     0
    25    10     0     0     0     0     0     0     0     0
    24    18     7     0     0     0     0     0     0     0
    17     3     0     0     0     0     0     0     0     0
    20    13     0     0     0     0     0     0     0     0
     5     0     0     0     0     0     0     0     0     0