ans =

   100    47    49     0     0     0     0
    99    21    52    69    75     0     0
    98    97    50    22     0     0     0
    96    88    89    23     1     0     0
    95    94    91     2     0     0     0
    93    80    66     0     0     0     0
    90    92    72    79    59     4    34
    87    86    85    64     6     0     0
    84    77    60    68    51     0     0
    83    73    48    12     0     0     0
    74     0     0     0     0     0     0
    82    70    45     9    36    26     0
    81    78    76    71     0     0     0
    58    61    14     0     0     0     0
    56    39    28     0     0     0     0
    67    65    63    62     0     0     0
    57    46     0     0     0     0     0
    53    37    38     0     0     0     0
    55    54    40    44    16     0     0
    42    41    35    29    30    11     0
    43    33    32     0     0     0     0
    31    27    19     8    15     0     0
    24    25    10     0     0     0     0
    20    18     7     0     0     0     0
    17     3     0     0     0     0     0
    13     5     0     0     0     0     0
ans =

  113.1553