first_cost =

  3.7651e+003


best_feasible_cost =

  3.2895e+003


F =

    93   100     0     0     0     0
    97    58     0     0     0     0
    96    25     0     0     0     0
    99    91    60    89     0     0
    98    70     0     0     0     0
    84    85    86    87    74    13
    94     1    77    80     0     0
    92    95    78    79    35     0
    90    66    32     0     0     0
    88    68    24     0     0     0
    83    71    67     0     0     0
    73    54    55    56     4     0
    81    20    48     0     0     0
    82    43     0     0     0     0
    76    53    46    17     0     0
    75    41    22    26     0     0
    72    50     0     0     0     0
    65    51    37     0     0     0
    64     0     0     0     0     0
    62    61    38     0     0     0
    63    57     0     0     0     0
    59    69    49    10     0     0
    47    18    34     0     0     0
    44     6     0     0     0     0
    52    29    30     3     0     0
    45    40     0     0     0     0
    42    39    23     0     0     0
    36    19     8     0     0     0
    31    21     0     0     0     0
    33    12     9     0     0     0
    28    16     0     0     0     0
    27    11     7     0     0     0
    15     0     0     0     0     0
    14     2     0     0     0     0
     5     0     0     0     0     0