first_cost =

  3.7651e+003


best_feasible_cost =

  3.3607e+003


F =

    93    58     0     0     0     0     0
    96   100     0     0     0     0     0
    99    97    25     0     0     0     0
    98    91    60    89     0     0     0
    84     0     0     0     0     0     0
    90    80    77     0     0     0     0
    94    55    70     0     0     0     0
    92    95    88    85    86    87    56
    83    82    74    13     0     0     0
    81    66     1     0     0     0     0
    79    68    24     0     0     0     0
    71    78    54     4     0     0     0
    76    57    17     0     0     0     0
    75    43     0     0     0     0     0
    73    41    26    48     0     0     0
    72    53    32     0     0     0     0
    69    67    40    34    35     0     0
    64    49    50     0     0     0     0
    65    51     3     0     0     0     0
    63    46     0     0     0     0     0
    61    37     0     0     0     0     0
    62    22     0     0     0     0     0
    59    47    38     0     0     0     0
    44    18     6    20     0     0     0
    52    29    30    10     0     0     0
    45    16     8     0     0     0     0
    42    39     0     0     0     0     0
    36    19     9     0     0     0     0
    33    31    21     0     0     0     0
    28    23     0     0     0     0     0
    27    11    12     0     0     0     0
    14    15     0     0     0     0     0
     7     0     0     0     0     0     0
     5     2     0     0     0     0     0