ans =

    80    70     0     0     0     0
    93    91     0     0     0     0
    98    97     1   100     0     0
    96     0     0     0     0     0
    99    25     0     0     0     0
    95    84    94     0     0     0
    89    77    60     0     0     0
    87    88    74    13     0     0
    92    90    58    24     0     0
    85    86    66    17     0     0
    83    82    81    68    54     0
    75    55     4     0     0     0
    78    79    56    20    48     0
    72    73    61    32     0     0
    76    43    35     0     0     0
    71    67    57    10     0     0
    69    62    64    53     0     0
    65    49    50    34     0     0
    59    46     0     0     0     0
    63    52    51    26     0     0
    47    37     0     0     0     0
    41    38    40     0     0     0
    44     6     9     0     0     0
    45    16    18    22     0     0
    42    39    36     0     0     0
    33    31    30    29    27    28
    21    19    23     0     0     0
    15    14    12    11     0     0
     2     8     7     3     0     0
     5     0     0     0     0     0

totalDistance(ans, b)

ans =

  171.9027