first_cost =

  9.2583e+003


best_feasible_cost =

  6.5485e+003


ans =

   100    80     0     0     0     0
    99    97     0     0     0     0
    95    94    96    70     0     0
    77    60     0     0     0     0
    84    89    25     0     0     0
    86    93     0     0     0     0
    92    98    87    55    68     0
    90    91     0     0     0     0
    88    58    24     0     0     0
    83    85     4     1     0     0
    78    79    54    35     0     0
    73    56    48     0     0     0
    75    74    13     0     0     0
    82    81    66    17     0     0
    76    57    49    20     0     0
    72    71    43    37     0     0
    69    67    32    34     0     0
    65    64    53    46     3     0
    63    51     0     0     0     0
    62    52    50    26     0     0
    61    44    41    38    40     0
    59    23     9     0     0     0
    47    10     0     0     0     0
    45    16    18    22     0     0
    42    39    36     0     0     0
    33    31    30    28    27    29
    19    21     0     0     0     0
    15    14    12    11     0     0
     2     8     7     6     0     0
     5     0     0     0     0     0