first_cost =

  4.0137e+003


best_feasible_cost =

  3.4544e+003


F =

    80    70     0     0     0     0
    96   100     0     0     0     0
    99    93    91     0     0     0
    98    94    97     1     0     0
    95    84    56    77    60     0
    92    90    89    24    25    48
    88    87    66    13    17     0
    86    54    68     0     0     0
    85     4     0     0     0     0
    83    81    74    58     0     0
    73    43     0     0     0     0
    78    79    55     0     0     0
    76    57     0     0     0     0
    82    75    49    50    32    26
    72    71    67    34     0     0
    69    35    37     0     0     0
    65    64    53    46     3     0
    62    63    52    51    20     0
    61    44    41    38    40     0
    59    23     9     0     0     0
    47    10     0     0     0     0
    45    16    18    22    19     0
    42    39    36     7     8     6
    33    31    30    29    28    27
    21     0     0     0     0     0
    15    14    12    11     0     0
     2     5     0     0     0     0