D =

    50    81    33     1     0     0     0
    23    39    67     0     0     0     0
    52    88     0     0     0     0     0
    31    32    20    51    30     0     0
     7    82    83     0     0     0     0
    87     2    57     0     0     0     0
    71    65     9    66    70     0     0
    10    90    11    62    60    89     0
    63    64    49    48     0     0     0
     8    45    46     0     0     0     0
    59    85    16    97    13     0     0
    14    38    43     0     0     0     0
    21    73    25    55     0     0     0
    47    36    19     0     0     0     0
    42    15    41    56     4     0     0
    99    95    94    96    93     0     0
    35    34    78    29    28     0     0
    53    40    26     0     0     0     0
    58    74    22    75    72     0     0
    17    84    61     5     0     0     0
    18     6     0     0     0     0     0
    12    80    24    54     0     0     0
    92    37    86    44    98    91   100
    27    69    77    68     3    79    76

>> drawRoute(A, D)
>> totalCost(D,B,0)

ans =

  1.7867e+003