costr =

  1.7445e+003


k =

     3


notImp =

     6


F =

    65    71     9    66     1     0     0
    40    53     0     0     0     0     0
    52    88     0     0     0     0     0
    33    81    50     0     0     0     0
    83    82     7     0     0     0     0
    72    75    22    74     0     0     0
    31    30    51    20    32    70     0
    95    99    94    96     0     0     0
    63    64    49    48     0     0     0
    62    11    90    10     0     0     0
    14    38    43    13     0     0     0
    59    16    85    97     0     0     0
    39    23    67    55    25     0     0
    36    47    19     0     0     0     0
    42    15    41    56     4     0     0
    45     8    46    17    93     0     0
    27    69    76    79     3    68     0
    21    73    26     0     0     0     0
     2    87    57    58     0     0     0
     5    61    84    60    89     0     0
    18     6     0     0     0     0     0
    12    54    24    80     0     0     0
    92    98    44    86    37    91   100
    28    29    78    34    35    77     0