costr =

  1.8219e+003


k =

     3


notImp =

     6


F =

    63    76    89    91     0     0     0     0
    36    39    40    43    37     0     0     0
    21    23    19    49    22    20    24     0
    72    42    61    81    54    96     0     0
    44    38    35    41     0     0     0     0
    65    59    75    97    58    77     0     0
    90     0     0     0     0     0     0     0
    14    47    15    16    53     0     0     0
    11    12    73    78    60     0     0     0
    69    98    79     8     3     1    70     0
    95    62    84    85    56    66     0     0
    83    52    87     9    10    13    17     0
    64    51    18    25    48     0     0     0
     5    45     2     7     6    46     4   100
    31    29    27    26    32    93     0     0
    82    99    57    86    74     0     0     0
    71    67    94     0     0     0     0     0
    92    33    28    30    34    50    80     0
    88    55    68     0     0     0     0     0