ans =

   100    47    49     0     0     0     0
    88    99    21    52    69    75     0
    98    89    50     1     0     0     0
    95    85    91     2     0     0     0
    92    93     0     0     0     0     0
    96    97    77    79    80    22     0
    94    84    73    60    68     4    34
    90    86    82    74     0     0     0
    87    83    72    61    64    59    66
    70    58    45    28     0     0     0
    81    78    76    71     0     0     0
    67    65    63     0     0     0     0
    36    26    12    23    51     0     0
    56    46    48     6     0     0     0
    62    40    38    39     0     0     0
    57    53    14     9     0     0     0
    55    54    37    16     0     0     0
    44    29    30    11     0     0     0
    43    35    27    10     0     0     0
    42    41    25     0     0     0     0
    33    31    19    15     0     0     0
    24    32    18     8     0     0     0
    20    13    17     3     7     0     0
     5     0     0     0     0     0     0