first_cost =

  4.1633e+003


best_feasible_cost =

  3.2660e+003


ans =

    52    47     0     0     0     0     0     0     0     0
   100    91    21    49     0     0     0     0     0     0
    97    99    50    22    75     0     0     0     0     0
    89    23     1    69     0     0     0     0     0     0
    98    96    95    94    92    93    85    79    80     2
    90    88    59     0     0     0     0     0     0     0
    87    86    84    61    77    60    64     0     0     0
    68     4     0     0     0     0     0     0     0     0
    83    82    66     0     0     0     0     0     0     0
    81    78    76    70    58     0     0     0     0     0
    72    45    28     6    12    26    34    51     0     0
    74    73    39    48    36     0     0     0     0     0
    67    71    56    38     0     0     0     0     0     0
    65    63    62    44     9    14     0     0     0     0
    46    16     0     0     0     0     0     0     0     0
    57    55    54    40    53    37    11    30     0     0
    43    42    41    35    29    10     0     0     0     0
    32    33    31    19    15     0     0     0     0     0
    25    27     8     0     0     0     0     0     0     0
    18     7     0     0     0     0     0     0     0     0
    17     0     0     0     0     0     0     0     0     0
    20    24     3     0     0     0     0     0     0     0
    13     5     0     0     0     0     0     0     0     0
