
first_cost =

  7.2970e+003


best_feasible_cost =

  2.8837e+003


ans =

   100    47    49     0     0     0     0
    97    91    21     0     0     0     0
    99    52     1    69    75     0     0
    98    88    51    89     2     0     0
    96    92     0     0     0     0     0
    95    93     0     0     0     0     0
    94    84    85    77    79    80     0
    90    87    86    82    74     0     0
    83    59    26     4    22    50    66
    81    78    76    73    64     6     0
    72    61    68    23    34     0     0
    71    70     0     0     0     0     0
    67    65    63     0     0     0     0
    62    60    45    12    36     0     0
    56    46    48     0     0     0     0
    58    39    14     0     0     0     0
    57    55    44    38     0     0     0
    43    54    53    15     0     0     0
    42    41    35    40    37     9     0
    33    28     0     0     0     0     0
    29    30    11     0     0     0     0
    31    27    19     8    16     0     0
    25    10     0     0     0     0     0
    24    32    18     7     0     0     0
    13    20     3    17     0     0     0
     5     0     0     0     0     0     0

totalDistance(ans, b)

ans =

  107.5795