first_cost =

  4.8456e+003


best_feasible_cost =

  3.0459e+003


ans =

    52    47    49     0     0     0     0     0
    99     0     0     0     0     0     0     0
   100    69    21     1    75     0     0     0
    98    96    97    51     0     0     0     0
    93    88     0     0     0     0     0     0
    89     0     0     0     0     0     0     0
    95    85    91     2     0     0     0     0
    94    92    84    77    79    80    22     0
    90    87    86    83    82    73     0     0
    81    78    76    74     0     0     0     0
    72    60    59    26     4    23    50    66
    68    34     0     0     0     0     0     0
    71    70    64     0     0     0     0     0
    67    65    63     0     0     0     0     0
    48     6    12     0     0     0     0     0
    56    36     0     0     0     0     0     0
    58    45    61    39     0     0     0     0
    57    62    53     0     0     0     0     0
    55    54    41    40    44    46     0     0
    43    42    37    38     0     0     0     0
    31    35    30     9    14     0     0     0
    29    16    28     0     0     0     0     0
    33    32     0     0     0     0     0     0
    27    11     0     0     0     0     0     0
    24    25    19     8     0     0     0     0
    20    18     0     0     0     0     0     0
    15    10     0     0     0     0     0     0
    17     3     7     0     0     0     0     0
    13     5     0     0     0     0     0     0