first_cost =

  3.7651e+003


best_feasible_cost =

  3.3026e+003


ans =

   100    58     0     0     0     0     0
    97    25     0     0     0     0     0
    96    93     0     0     0     0     0
    99    91    60    89     0     0     0
    98    70     0     0     0     0     0
    90    74     0     0     0     0     0
    94    55    80    77     0     0     0
    95    88    85    86    87    56     1
    79    81    48     0     0     0     0
    83    84    37     0     0     0     0
    82    68    24     0     0     0     0
    92    78    35     0     0     0     0
    73    54     4     0     0     0     0
    76    66    20     0     0     0     0
    75    26    13     0     0     0     0
    71    32     0     0     0     0     0
    69     0     0     0     0     0     0
    67    57    17     0     0     0     0
    64    49    10     0     0     0     0
    65    51    34     0     0     0     0
    63    53     3    50     0     0     0
    72     0     0     0     0     0     0
    62    46     0     0     0     0     0
    61    38    43     0     0     0     0
    59    41    22     0     0     0     0
    44     9     0     0     0     0     0
    52    29    30     6     0     0     0
    45    47    18     8     0     0     0
    42    40     0     0     0     0     0
    39    23     0     0     0     0     0
    31     0     0     0     0     0     0
    36    19     0     0     0     0     0
    33    21     0     0     0     0     0
    28    16     0     0     0     0     0
    27    11    12     0     0     0     0
    14    15     0     0     0     0     0
     7     0     0     0     0     0     0
     5     2     0     0     0     0     0