ans =

   100    58     0     0
    99    97    25     0
    96    93     0     0
    98    91    60    89
    95    94    77    80
    90     1    70     0
    84    85    86     0
    92    88    56     4
    83    87    35     0
    79    81    54    13
    82    55    24     0
    73    57    74     0
    76    68     0     0
    78    66    20     0
    75    26    48     0
    72    43    17     0
    71    32     0     0
    69    67     3    34
    64    49    50     0
    63    65    53    10
    62    61    46     0
    59    47    51    37
    40    41    22     0
    44     9     0     0
    52    38     0     0
    45    29    30     6
    42    39    23     0
    36    18     8     0
    31    21     0     0
    19     7     0     0
    33    12     0     0
    28    16     0     0
    14    15     0     0
    27    11     0     0
     5     2     0     0