ans =

   100    58     0     0     0
    97     0     0     0     0
    99    94    25    80     0
    98    60    70     0     0
    96     0     0     0     0
    95    93     0     0     0
    91    89     0     0     0
    90    74     0     0     0
    92    86    87    55    77
    88    85    84     1     0
    83    78    79    48     0
    82    81    66     0     0
    76    53    68    24     0
    71    67     4     0     0
    75    73    54    13     0
    72    61    37    17     0
    64    32     0     0     0
    69    43     0     0     0
    65    56     0     0     0
    63    62     0     0     0
    59    57    26     0     0
    52    41     3    35     0
    51    50     0     0     0
    47    34     0     0     0
    44    49    10     0     0
    45    38    46     0     0
    42    40     6     0     0
    36    20     0     0     0
    33    31    29     0     0
    30     0     0     0     0
    28    23    22     0     0
    39    16    18     8     0
    27    21     9     0     0
    14    19     0     0     0
    15     0     0     0     0
    11    12     0     0     0
     7     0     0     0     0
     5     2     0     0     0

totalDistance(ans, b)

ans =

   65.8000