first_cost =

  3.9877e+003


best_feasible_cost =

  3.4039e+003


ans =

    80    58     0     0
    96    25     0     0
    97    60   100    93
    98    70     0     0
    99    89     0     0
    95    90     0     0
    91     0     0     0
    94    74    13     0
    88    84    85    86
    92    87     1    77
    83    78    79    35
    82    66    20     0
    68    24     0     0
    71    67    56     0
    76    54    55     4
    75    26    48     0
    73    81    32     0
    69    64    46    17
    72    49    10     0
    65     0     0     0
    63    57    37     0
    62    50     0     0
    53     0     0     0
    61    38    43     0
    59    47    51    34
    52    29    41    22
    44    18     6     0
    45    40     3     0
    42    39    23     0
    36    19     8     0
    30     9     0     0
    33    31    21     0
    28    16     0     0
    27    11    12     0
    15     0     0     0
    14     7     0     0
     2     0     0     0
     5     0     0     0