ans =

    80    70     0     0     0     0
    93    91     0     0     0     0
    97     1   100     0     0     0
    99    96    24     0     0     0
    98    84    89    77    60     0
    94    74    25    48     0     0
    95    92    90    87     4     0
    85    86    88    79     0     0
    81    66    13    17     0     0
    83    78    55    58     0     0
    73    56    68     0     0     0
    76    57    53    43    35     0
    82    75    50    26     0     0
    71    32    34     0     0     0
    72    69    67    49    20    54
    65    64    37     0     0     0
    63    51    22     0     0     0
    62    46     6     3     0     0
    61    44    41    40    38     0
    59    19    21    10     0     0
    52    16    18    23     0     0
    47    15    14    12    11     0
    45     0     0     0     0     0
    39     8     9     0     0     0
    42    36     7     0     0     0
    33    30    31    28    29    27
     5     2     0     0     0     0