
first_cost =

  4.0137e+003


best_feasible_cost =

  3.2436e+003


ans =

    80    70     0     0     0     0
    93    91     0     0     0     0
    98    97     1   100     0     0
    84    56    96    54     0     0
    99    86    87    74    58    77
    95    94     0     0     0     0
    92    89    24    25    48     0
    90    85    50    68    55    60
    88     0     0     0     0     0
    83    81    35    37    43     0
    76    78    79     3     4    46
    82    75    20    13    17     0
    73     0     0     0     0     0
    72    71    67    57    66     0
    69    61    32    34     0     0
    65    64    53     0     0     0
    62    63    51    10     0     0
    59    26     0     0     0     0
    49    18     0     0     0     0
    40    44    41    38     0     0
    52    21    22    23    19     0
    47     0     0     0     0     0
    45    16     0     0     0     0
    42    39    36     9     0     0
    29    31     0     0     0     0
    33    30    28    27     0     0
     6     8     0     0     0     0
    15    14    12    11     0     0
     5     2     7     0     0     0