r =

    43    42    41    40    44    46    45    48    51    50    52    49    47
     5     3     7     8    11     9     6     4     2     1    75     0     0
    25    27    30    28    26    23    22    21     0     0     0     0     0
    13    17    18    19    16    15    12    14    10     0     0     0     0
    89    91    88    85    84    90     0     0     0     0     0     0     0
    87    86    83    82    77    79    80     0     0     0     0     0     0
   100    99    97    93    92    94    95    96    98     0     0     0     0
    20    24    29    34    36    39    38    37    35    31     0     0     0
    65    63    62    74    61    64    68    66    69    72     0     0     0
    81    78    76    71    70    73     0     0     0     0     0     0     0
    32    33     0     0     0     0     0     0     0     0     0     0     0
    57    55    54    53    56    58    60    59     0     0     0     0     0
    67     0     0     0     0     0     0     0     0     0     0     0     0

>> drawRoute(A,r)
>> totalCost(r, B)

ans =

  1.0455e+003