r =

    28    12    80    29    24    68    77     0     0     0     0     0
    26     4    55    25    54     0     0     0     0     0     0     0
    99    98    37    85    91   100    93    96    94     6     0     0
    76    50     3    79    78    34    35     9    51    30    69    27
    47    36    49    64    11    62    88    31     0     0     0     0
    92    59    61    86    16    44    38    14     0     0     0     0
     5    84    17    45    46    48    19     7    52     0     0     0
    33    81    71    65    66    20    32    63    90    10    70     1
    82     8    83    60    18    89     0     0     0     0     0     0
    87    57    15    43    42    97    95     0     0     0     0     0
    13    58    40    53     0     0     0     0     0     0     0     0
    21    73    72    75    22    74    56    39    67    23    41     2

>> totalCost(r, B)

ans =

  1.0607e+003