r =

    95    33    27    26    28    32    34    31    29    30     0
    42    43    36    37    35    39    38    44    40    41     0
    14    12    78    73    79     6     2    88    98     0     0
    68    70   100    55     0     0     0     0     0     0     0
    20    22    24    49    19    21    23    25    48    18     0
    87    59    97    75    58    77    74    86    52    99    65
    83    57    66     0     0     0     0     0     0     0     0
    90    53    17    47    16    15    13    11    10     9    82
    61     1     3     5    45     4    46     8     7    60    69
    94    93    71    72    54    96    81     0     0     0     0
    92    85    63    76    89    51    56    91    80     0     0
    67    50    62    84    64     0     0     0     0     0     0

>> totalCost(r, B)

ans =

  1.2245e+003