first_cost =

  4.5665e+003


best_feasible_cost =

  2.8714e+003


routes =

    47    49     0     0     0     0     0     0     0     0
    97    91    21    52    69    75     0     0     0     0
    99    50    22     0     0     0     0     0     0     0
   100    88    89     0     0     0     0     0     0     0
    98    96    95    85    77    36    59    80     1     0
    94    92    93    68     2    66     0     0     0     0
    90    87    86    84    79     0     0     0     0     0
    83    74    82    73    72    61    60    64     0     0
    81    78    70    58    39    26     0     0     0     0
    76    71     0     0     0     0     0     0     0     0
    67    65    63    62    56    46    48     4    23    34
    51     0     0     0     0     0     0     0     0     0
    57    55    54    53    44    45    28     0     0     0
    43    38    30     6    12     0     0     0     0     0
    42    41    35    40    37     9    14     0     0     0
    32    33    31    27    29     0     0     0     0     0
    25    19    16    11     0     0     0     0     0     0
    24    18     8    15    10     0     0     0     0     0
    20    17     7     0     0     0     0     0     0     0
    13     5     3     0     0     0     0     0     0     0