first_cost =

  4.5665e+003


best_feasible_cost =

  2.8048e+003


routes =

    47    49     0     0     0     0     0     0     0     0     0     0
   100    52     1    21    75     0     0     0     0     0     0     0
    99     2    22     0     0     0     0     0     0     0     0     0
    98    97    88    89     4    91     0     0     0     0     0     0
    93    84    85    77    79    80    50    66    69     0     0     0
    96    95    94    92    72    61    60    59    64    23    34    51
    90    87    86    83    82    70    68     0     0     0     0     0
    81    78    73    28     6    12    26    36     0     0     0     0
    76    74    56    46    48     0     0     0     0     0     0     0
    67    71    38    39    14     0     0     0     0     0     0     0
    65    63    62    58     9    45     0     0     0     0     0     0
    54     0     0     0     0     0     0     0     0     0     0     0
    57    55    53    44     0     0     0     0     0     0     0     0
    43    42    41    37     0     0     0     0     0     0     0     0
    40    35    19    16    11     0     0     0     0     0     0     0
    33    31    30     0     0     0     0     0     0     0     0     0
    32    29    10    15     0     0     0     0     0     0     0     0
    27     8     0     0     0     0     0     0     0     0     0     0
    24    25    18     0     0     0     0     0     0     0     0     0
    20    13    17     3     7     0     0     0     0     0     0     0
     5     0     0     0     0     0     0     0     0     0     0     0