first_cost =

  4.5665e+003


best_feasible_cost =

  2.8273e+003


routes =

    47    49     0     0     0     0     0     0     0     0     0
   100    52     1    21    75     0     0     0     0     0     0
    99     2    22     0     0     0     0     0     0     0     0
    91     0     0     0     0     0     0     0     0     0     0
    98    97    88    89     4    34     0     0     0     0     0
    93    85    79    80    50    66    69     0     0     0     0
    96    95    92    84    77    60    59    64    23    51    68
    94    83    82    74    70    61     0     0     0     0     0
    90    87    86    72    73    28     6    12     0     0     0
    81    78    76    71    46    36     0     0     0     0     0
    67    56    45    48     0     0     0     0     0     0     0
    65    63    62    58    39     0     0     0     0     0     0
    57    55    54    41    40    44    37    38     0     0     0
    53    30     9    14    26     0     0     0     0     0     0
    43    42    35     0     0     0     0     0     0     0     0
    32    33    27    29     0     0     0     0     0     0     0
    31    25    19    16    11     0     0     0     0     0     0
    24    18     8    15    10     0     0     0     0     0     0
    20    17     3     7     0     0     0     0     0     0     0
    13     5     0     0     0     0     0     0     0     0     0