first_cost =

  4.5665e+003


best_feasible_cost =

  2.7982e+003


routes =

    47    49     0     0     0     0     0     0     0     0     0     0
    91    21    52    69    75     0     0     0     0     0     0     0
    99    50    22     0     0     0     0     0     0     0     0     0
    98   100    88    89    23     0     0     0     0     0     0     0
    96    97    77    79    80     1     0     0     0     0     0     0
    95    93    73    60     0     0     0     0     0     0     0     0
    94    84    85     2     0     0     0     0     0     0     0     0
    92    72    61    59    64     4    66     0     0     0     0     0
    68     0     0     0     0     0     0     0     0     0     0     0
    90    87    86    83    82    58    45    28     6    12    26    34
    81    78    76    74    51     0     0     0     0     0     0     0
    71    70    46    48    36     0     0     0     0     0     0     0
    67    65    63    62    56    38    39    14     0     0     0     0
    54    53    44    15     9     0     0     0     0     0     0     0
    57    55    40    37     0     0     0     0     0     0     0     0
    42    43    41    35    29    30    11    16     0     0     0     0
    33    32    31    25    27    19     8    10     0     0     0     0
    24    20    18     0     0     0     0     0     0     0     0     0
    13    17     3     7     0     0     0     0     0     0     0     0
     5     0     0     0     0     0     0     0     0     0     0     0