first_cost =

  4.5665e+003


best_feasible_cost =

  2.8063e+003


routes =

    47    49     0     0     0     0     0     0     0     0     0     0     0
   100    52     1    21    75     0     0     0     0     0     0     0     0
    99     2    22     0     0     0     0     0     0     0     0     0     0
    98    97    88     0     0     0     0     0     0     0     0     0     0
    91    66    69     0     0     0     0     0     0     0     0     0     0
    96    95    94    92    93    85    79    80    50     0     0     0     0
    90    89     0     0     0     0     0     0     0     0     0     0     0
    87    84    77    68     4    34     0     0     0     0     0     0     0
    86    83    74    82    73    72    61    60    64    59    26    23    51
    81    78    76    71    70    36    12     0     0     0     0     0     0
    67    65    63    62    53    46    48     6     0     0     0     0     0
    58    45     0     0     0     0     0     0     0     0     0     0     0
    56    39     0     0     0     0     0     0     0     0     0     0     0
    57    55    54    41    40    44     0     0     0     0     0     0     0
    43    42    37    38    30     9    28     0     0     0     0     0     0
    35    15    16     0     0     0     0     0     0     0     0     0     0
    29     0     0     0     0     0     0     0     0     0     0     0     0
    31    27    11     0     0     0     0     0     0     0     0     0     0
    33    32    24    25    19     8    14     0     0     0     0     0     0
    20    18     0     0     0     0     0     0     0     0     0     0     0
    17    10     0     0     0     0     0     0     0     0     0     0     0
    13     7     0     0     0     0     0     0     0     0     0     0     0
     5     3     0     0     0     0     0     0     0     0     0     0     0