first_cost =

  4.5665e+003


best_feasible_cost =

  2.7342e+003


routes =

   100    47    49     0     0     0     0     0     0     0     0
    99    21    52    69    75     0     0     0     0     0     0
    89    50    22     1     0     0     0     0     0     0     0
    98    97    88    91     2     0     0     0     0     0     0
    96    95    93    85    79    80    66     0     0     0     0
    94    92    77    68     4    34     0     0     0     0     0
    90    87    86    83    84    73    72    61    60    64    59
    82    58    45     0     0     0     0     0     0     0     0
    81    71    74     0     0     0     0     0     0     0     0
    78    76    70    46    48    26     0     0     0     0     0
    67    51    23     0     0     0     0     0     0     0     0
    56    36    12     0     0     0     0     0     0     0     0
    65    63    62    44    38    39     0     0     0     0     0
    57    55    54    41    40    53     0     0     0     0     0
    43    42    35    37    30     0     0     0     0     0     0
    33    32    31    29    28     6     0     0     0     0     0
    27    14     9     0     0     0     0     0     0     0     0
    25    19    16    11     0     0     0     0     0     0     0
    24    20    18     8    15    10     0     0     0     0     0
    13    17     3     7     0     0     0     0     0     0     0
     5     0     0     0     0     0     0     0     0     0     0