costr =

  1.8243e+003




r =

    83    21    23    19    18    25    48     0     0     0     0
    71    67    94     0     0     0     0     0     0     0     0
    36    39    38    41    40    35    37     0     0     0     0
    69    98    53     0     0     0     0     0     0     0     0
    61    81    54    96     0     0     0     0     0     0     0
    59    75    97    58    77     0     0     0     0     0     0
    90     0     0     0     0     0     0     0     0     0     0
    14    47    15    16    13    17     0     0     0     0     0
    92    33    28    30    32    80     0     0     0     0     0
    88    79     6    55     0     0     0     0     0     0     0
    95    62    85    51    56    66     0     0     0     0     0
    52    87     9    10     0     0     0     0     0     0     0
    64    84    50    91     0     0     0     0     0     0     0
    65    57    22    49    20    24     0     0     0     0     0
    11    12    73    78    60     0     0     0     0     0     0
     5    45     2     7     8    46     3     1     4    70   100
    82    99    86    74     0     0     0     0     0     0     0
    72    42    44    43    68     0     0     0     0     0     0
    63    76    89     0     0     0     0     0     0     0     0
    31    29    27    26    34    93     0     0     0     0     0