D =

    90     0     0     0     0     0     0     0     0
    31    29    27     0     0     0     0     0     0
    41    38    36    39    40    35    37     0     0
    11    12    73    78     0     0     0     0     0
    71    32    26    34    67     0     0     0     0
    59    97    75    58    77     0     0     0     0
    83    19    21    23    18     0     0     0     0
    13    16    15    47    14    17     0     0     0
    24    20    51    85    62    95    80     0     0
     2    45     5     7     8    46     3     1     4
    50    30    28    33    92     0     0     0     0
    52    87     9    10     0     0     0     0     0
    84    64    66    56    91     0     0     0     0
    65    57    48    25    49    22     0     0     0
    88    60    79     6     0     0     0     0     0
    72    42    44    43    70   100     0     0     0
    82    99    86    74     0     0     0     0     0
    68    55    53    98    69     0     0     0     0
    63    89    76     0     0     0     0     0     0
    61    81    54    96    94    93     0     0     0

>> drawRoute(A, D)
>> drawRoute(A, D)
>> totalCost(D,B,0)

ans =

  1.8750e+003