currentCost =

  3.5023e+003


bestCost =

  2.0226e+003


ans =

    33    81     9    71    35    65    66    20    51     1     0
    40    26    74    22    41     0     0     0     0     0     0
    28    12    29    78    34    79     3    77    68    80     0
    39    67    23     0     0     0     0     0     0     0     0
    62    11    64    49    36    47    19     0     0     0     0
     2    15    57    87    97    95    94    13     0     0     0
    59    99     5    84    17    45    83    60     0     0     0
    27    69    50    76     0     0     0     0     0     0     0
    42    14    44    86    38    43     0     0     0     0     0
    92    98    85    61    16    91   100    37    93    96     6
    21    73    72    75    56     4    55    25    24    54     0
    52    18    82     8    46    48     7    89     0     0     0
    53    58     0     0     0     0     0     0     0     0     0
    31    88    90    63    10    32    30    70     0     0     0