currentCost =

  4.0137e+003


bestCost =

  2.9200e+003


routes =

    33    28    30     0     0     0     0     0     0
    31    29    27     0     0     0     0     0     0
    98     0     0     0     0     0     0     0     0
    90     0     0     0     0     0     0     0     0
    64     0     0     0     0     0     0     0     0
    72    40    44    38    37    35    36    39    41
    14    15    16    47    11    12    78    60    53
    85    50    34    32    26     0     0     0     0
    68   100    88     0     0     0     0     0     0
    83    19    21    23    18     0     0     0     0
    57    58    75    97    59    87     0     0     0
    51    20    24    22    49     0     0     0     0
    45     2     7     8    46     4     0     0     0
    65     0     0     0     0     0     0     0     0
    79    73     0     0     0     0     0     0     0
     9    10    13    17     0     0     0     0     0
    61     0     0     0     0     0     0     0     0
    82    99    52    86    74    77    25    48     0
    69     6     5     3     1     0     0     0     0
    62    67    71    43    42     0     0     0     0
    84    56     0     0     0     0     0     0     0
    94    54    96    70     0     0     0     0     0
    81    55     0     0     0     0     0     0     0
    92    95    63    76    89     0     0     0     0
    66     0     0     0     0     0     0     0     0
    91    93     0     0     0     0     0     0     0
    80     0     0     0     0     0     0     0     0