D =

    57    60    58    56    53    54    55     0     0     0
    32    33    39    38    37    35    31     0     0     0
    81    78    76    71    70    73    77    79    80     0
    13    17    18    19    15    16    14    12     0     0
     6     9    11    10     8     7     0     0     0     0
    67    65    63    62    74    72    61    64    66     0
    98    96    95    94    92    93    97   100    99     0
    90    87    86    83    82    84    85    88    89    91
    75    50    51    48    45    46    44    42    43     0
    23    26    28    30    27    25    22    52    49    47
    41    40    59    68    69     0     0     0     0     0
     5     3     4     2     1     0     0     0     0     0
    20    34    36    29    24    21     0     0     0     0

>> drawRoute(A, D)
>> totalCost(D,B,0)

ans =

  1.0409e+003